Citation extremes to verify manually:
A1: [25,35] [36,47] [2,28] [27] [1] [6,29,8,35] [17,18] [23,35] [3,37,6,9] [3]
A2: [35,36] [36,47] [17] [18] [17,36] [29,6]
A3: [2,28] [1] [27] [3]
A4: [23,35] [1,3,37] [29] [4] [5] [19] [6,7] [32] [31] [8,9] [25,35] [20] [37] [39] [40] [14,16,26] [42]
B5: [2,28] [1] [25] [27] [28] [41] [37,38] [20] [21] [3] [22]
B6: [17,36] [23,35] [8,9] [29] [4] [5] [30] [7] [31] [32] [35] [40]
C7: [2][28] [27] [1] [37][38] [23][35] [20]
C8: [6][29] [17][36] [18] [7] [32] [4] [5][19] [30] [10][11]
C9: [8] [9] [25][35] [37] [10][35]
D10: [2,35] [23,35] [40] [27,47] [1] [37] [6]
D11: [17,36] [18] [1,28] [20] [37] [39] [4,5] [29,30] [7] [31] [8,9] [41,42] [34,42]
D12: [35] [1] [3,22] [23,35] [27,47] [4,29] [6,32] [8,9] [10] [42]
E13: [35] [17,36] [27] [1] [29] [6] [7] [40]
E14: [36] [17,18] [1] [27] [3] [29] [6,7] [35,40] [37] [39] [34,42] [5] [26] [10]
E15: full reference list [1]-[47]
